119
119
119
119
119
119
119
119
119
119
119
119
119
119
119
119
119
119
119
119
119
119
119
119
119
119
119
119
119
119
119
119
119
119
119
119
119
119
119
119
119
119
119
119
119
119
119
119
119
119
119
119
119
119
119
119
119
119
119
119
119
119
119
119
119
119
119
119
119
119
119
119
119
119
119
119
119
119
119
15
15
15
15
15
15
119
119
119
119
119
119
119
119
119
119
119
119
119
119
119
119
119
119
119
119
119
119
119
119
119
119
119
119
119
119
119
119
119
119
119
119
119
103
103
103
103
103
103
119
119
119
119
119
119
119
119
119
119
119
119
119
119
119
119
119
119
119
119
119
119
119
119
119
98
98
98
98
98
95
95
95
95
95
93
93
93
95
95
98
103
103
119
119
103
119
58
57
57
57
57
57
58
58
59
59
59
59
59
60
60
61
62
62
62
62
62
62
62
62
62
62
62
62
62
62
59
59
59
59
59
59
59
59
59
59
58
58
56
56
56
56
56
56
56
56
55
55
56
56
56
56
56
55
55
55
55
55
55
55
56
112
61
60
60
60
60
60
60
60
60
60
61
61
61
61
60
60
59
59
59
58
58
58
58
58
58
58
58
58
57
57
57
57
56
54
54
54
54
54
54
54
54
52
51
50
50
50
50
50
50
50
50
50
50
50
50
51
51
51
51
51
51
51
107
100
58
57
57
57
57
57
57
57
57
58
58
58
58
58
58
58
58
57
57
56
56
56
56
56
56
56
56
56
56
56
56
56
56
36
33
93
55
55
54
54
54
54
54
54
54
54
52
49
47
47
47
47
46
46
46
47
47
47
47
47
47
47
47
47
47
119
112
112
98
98
98
98
103
119
119
54
54
54
54
54
54
54
54
53
53
53
53
52
51
50
50
50
50
50
50
50
50
50
50
50
50
50
50
50
50
50
50
50
50
50
50
50
50
50
50
50
50
50
50
37
36
119
91
91
91
91
91
91
91
91
91
91
91
91
91
91
91
91
91
91
91
34
50
49
49
49
49
49
49
50
50
50
51
51
51
51
51
51
51
51
51
52
52
52
52
52
51
51
51
51
51
51
51
51
51
51
51
51
51
51
51
51
51
51
38
119
119
119
119
119
35
56
55
56
56
56
56
57
57
57
57
57
58
58
58
58
58
58
58
58
58
58
58
58
58
58
58
59
59
59
59
59
59
59
59
58
55
54
54
54
54
54
54
54
54
54
54
54
54
54
54
54
54
54
54
54
54
54
91
91
91
91
91
91
91
91
95
22
53
52
52
52
52
52
52
52
52
52
52
52
52
52
52
52
52
52
52
51
51
51
51
51
51
51
51
52
52
51
51
51
51
51
51
52
52
53
54
54
54
54
54
54
53
53
53
53
53
53
53
53
53
53
53
53
90
90
91
91
91
91
91
91
93
55
55
54
55
55
55
56
56
57
57
57
57
57
57
58
58
58
58
59
59
59
59
58
58
58
58
57
57
57
57
57
57
56
56
56
56
56
56
56
56
55
55
55
55
55
55
55
55
55
55
55
55
55
55
55
55
55
55
55
55
55
55
55
55
55
54
35
119
119
119
119
119
119
119
119
119
119
119
119
34
34
34
34
34
119
119
119
119
119
119
119
59
58
58
58
58
119
119
119
119
119
119
119
61
61
61
61
61
61
61
61
61
61
61
61
62
62
62
62
62
63
63
63
62
62
62
59
59
58
58
58
58
58
58
58
56
56
55
55
55
55
55
55
55
55
55
55
55
55
55
55
54
88
88
88
88
88
88
90
91
60
59
59
59
59
59
59
59
59
59
59
60
60
60
60
60
60
59
59
58
58
58
58
58
58
58
58
57
57
57
57
57
57
57
57
55
55
55
55
55
55
54
54
54
53
51
50
49
49
49
49
50
50
50
50
50
50
50
50
50
98
98
95
95
95
95
95
95
95
57
57
57
57
57
57
57
57
57
57
57
57
57
57
58
58
58
57
57
56
56
56
56
56
55
55
55
55
55
55
56
55
55
55
55
55
55
54
54
54
54
54
53
52
52
52
51
48
47
47
47
47
47
47
47
47
47
47
47
47
47
47
47
47
47
47
47
49
51
51
52
52
52
52
53
53
53
54
54
54
54
54
54
54
54
52
51
50
50
50
50
50
50
50
50
50
50
51
51
51
51
51
51
51
51
51
51
51
51
51
51
51
51
50
37
103
98
98
95
95
93
93
93
93
93
91
91
91
91
91
91
91
93
91
91
93
93
95
93
93
91
52
50
50
50
49
49
50
50
50
50
51
51
51
51
51
51
51
52
52
52
52
52
52
51
51
51
51
51
52
52
52
52
52
52
52
52
52
52
52
52
52
52
52
52
52
52
52
51
54
53
53
53
53
53
53
53
53
53
53
53
54
54
54
53
53
52
52
52
52
52
52
52
52
52
53
53
53
53
53
53
53
53
53
52
51
51
50
50
50
50
50
51
51
51
51
51
51
51
51
52
53
54
54
54
54
54
54
54
54
54
54
54
54
54
54
54
55
56
57
57
58
58
58
58
58
58
58
58
59
59
59
59
59
60
61
61
61
61
62
62
62
62
62
62
62
62
62
62
62
62
62
62
61
61
61
61
61
61
60
60
61
61
61
61
61
61
61
61
61
61
61
61
61
61
61
61
61
61
61
61
61
61
61
61
61
61
61
61
61
61
61
61
61
60
60
60
60
59
59
58
58
58
58
58
58
58
58
58
58
59
59
59
59
59
59
59
59
59
59
59
59
59
59
59
59
58
58
58
58
58
58
59
59
59
59
59
59
59
59
59
59
59
59
59
59
59
59
59
59
59
59
59
59
59
59
59
59
59
59
59
59
59
59
59
35
35
119
119
119
119
119
119
119
119
119
119
119
119
119
119
119
119
119
119
119
119
119
119
119
119
119
119
119
119
119
119
119
119
119
119
119
119
119
119
119
119
103
98
103
103
103
34
34
34
34
34
35
34
107
34
34
34
34
34
34
34
34
34
34
119
119
119
119
119
119
119
119
119
119
119
119
119
119
119
119
119
119
119
119
119
119
98
98
98
98
93
34
34
35
35
35
35
35
35
35
34
35
34
34
34
34
34
35
34
35
35
35
35
35
34
34
34
34
78
76
76
76
76
76
90
34
34
119
119
22
119
119
119
119
22
22
22
22
22
22
22
119
119
119
119
119
119
119
119
119
119
119
119
119
119
119
119
119
119
119
119
119
119
119
119
119
119
119
119
119
119
119
119
119
119
10
119
119
119
119
119
119
119
119
119
119
119
119
119
119
119
119
119
119
119
119
119
119
119
119
119
119
119
119
119
119
119
119
119
119
119
119
119
119
119
119
119
119
119
119
119
119
119
119
119
119
119
119
119
119
119
119
119
119
119
119
119
119
119
119
119
119
119
119
119
119
119
119
119
119
119
119
119
119
119
119
119
119
119
119
119
119
119
119
119
119
119
119
119
119
119
119
119
119
119
119
119
119
119
119
119
119
119
119
119
119
119
119
119
119
119
119
119
119
119
119
119
119
119
119
119
119
119
119
119
119
119
119
119
119
119
119
119
119