0.0
0.0
0.0
0.0
0.0
0.0
0.0
0.0
0.0
0.0
0.0
0.0
0.0
0.0
0.0
0.0
0.0
0.0
0.0
0.0
0.0
0.0
0.0
0.0
0.0
0.0
0.0
0.0
0.0
0.0
0.0
0.0
0.0
0.0
0.0
0.0
0.0
0.0
0.0
0.0
0.0
0.0
0.0
0.0
0.0
0.0
0.0
0.0
0.0
0.0
0.0
0.0
0.0
0.0
0.0
0.0
0.0
0.0
0.0
0.0
0.0
0.0
0.0
0.0
0.0
0.0
0.0
0.0
0.0
0.0
0.0
0.0
0.0
0.0
0.0
0.0
0.0
0.0
0.0
0.0
0.0
0.0
0.0
0.0
0.0
0.0
0.0
0.0
0.0
0.0
0.0
0.0
0.0
0.0
0.0
0.0
0.0
0.0
0.0
0.0
0.0
0.0
0.0
0.0
0.0
0.0
0.0
0.0
0.0
0.0
0.0
0.0
0.0
0.0
0.0
0.0
0.0
0.0
0.0
0.0
0.0
0.0
0.0
0.0
0.0
0.0
0.0
0.0
0.0
0.0
0.0
0.0
0.0
0.0
0.0
0.0
0.0
0.0
0.0
0.0
0.0
0.0
0.0
0.0
0.0
0.0
0.0
0.0
0.0
0.0
0.0
0.0
0.0
0.0
0.0
0.0
0.0
0.0
246.94165062806206
246.94165062806206
277.1826309768721
277.1826309768721
277.1826309768721
277.1826309768721
277.1826309768721
277.1826309768721
277.1826309768721
523.2511306011972
523.2511306011972
261.6255653005986
261.6255653005986
311.1269837220809
155.56349186104046
123.47082531403103
246.94165062806206
246.94165062806206
246.94165062806206
246.94165062806206
246.94165062806206
246.94165062806206
0.0
246.94165062806206
246.94165062806206
0.0
587.3295358348151
195.99771799087463
195.99771799087463
207.65234878997256
207.65234878997256
207.65234878997256
207.65234878997256
207.65234878997256
207.65234878997256
207.65234878997256
207.65234878997256
0.0
0.0
0.0
0.0
0.0
0.0
0.0
0.0
0.0
0.0
0.0
554.3652619537442
246.94165062806206
246.94165062806206
246.94165062806206
246.94165062806206
246.94165062806206
523.2511306011972
523.2511306011972
277.1826309768721
277.1826309768721
277.1826309768721
277.1826309768721
277.1826309768721
184.9972113558172
233.08188075904496
233.08188075904496
233.08188075904496
233.08188075904496
233.08188075904496
233.08188075904496
116.54094037952248
116.54094037952248
116.54094037952248
116.54094037952248
233.08188075904496
233.08188075904496
233.08188075904496
587.3295358348151
587.3295358348151
184.9972113558172
0.0
184.9972113558172
184.9972113558172
184.9972113558172
184.9972113558172
184.9972113558172
184.9972113558172
184.9972113558172
184.9972113558172
184.9972113558172
0.0
0.0
92.4986056779086
146.8323839587038
146.8323839587038
146.8323839587038
146.8323839587038
0.0
0.0
0.0
0.0
0.0
0.0
0.0
0.0
0.0
0.0
0.0
0.0
0.0
207.65234878997256
0.0
0.0
0.0
0.0
466.1637615180899
466.1637615180899
440.0
440.0
0.0
207.65234878997256
207.65234878997256
207.65234878997256
207.65234878997256
207.65234878997256
207.65234878997256
207.65234878997256
207.65234878997256
207.65234878997256
207.65234878997256
207.65234878997256
207.65234878997256
207.65234878997256
207.65234878997256
0.0
0.0
0.0
184.9972113558172
184.9972113558172
184.9972113558172
184.9972113558172
184.9972113558172
184.9972113558172
184.9972113558172
0.0
0.0
0.0
587.3295358348151
0.0
0.0
0.0
0.0
0.0
123.47082531403103
123.47082531403103
123.47082531403103
123.47082531403103
123.47082531403103
0.0
0.0
0.0
0.0
0.0
0.0
0.0
0.0
0.0
0.0
0.0
0.0
0.0
164.81377845643496
164.81377845643496
164.81377845643496
164.81377845643496
164.81377845643496
164.81377845643496
493.8833012561241
523.2511306011972
184.9972113558172
184.9972113558172
184.9972113558172
184.9972113558172
184.9972113558172
174.61411571650194
174.61411571650194
0.0
0.0
0.0
466.1637615180899
155.56349186104046
92.4986056779086
92.4986056779086
92.4986056779086
92.4986056779086
0.0
0.0
0.0
0.0
0.0
0.0
0.0
0.0
0.0
0.0
0.0
0.0
0.0
0.0
0.0
0.0
0.0
0.0
0.0
0.0
0.0
0.0
0.0
0.0
184.9972113558172
184.9972113558172
184.9972113558172
184.9972113558172
184.9972113558172
184.9972113558172
184.9972113558172
184.9972113558172
0.0
0.0
0.0
0.0
0.0
0.0
0.0
0.0
0.0
0.0
0.0
0.0
0.0
155.56349186104046
155.56349186104046
155.56349186104046
155.56349186104046
155.56349186104046
164.81377845643496
164.81377845643496
164.81377845643496
164.81377845643496
164.81377845643496
164.81377845643496
164.81377845643496
164.81377845643496
164.81377845643496
164.81377845643496
164.81377845643496
164.81377845643496
164.81377845643496
164.81377845643496
164.81377845643496
164.81377845643496
164.81377845643496
164.81377845643496
164.81377845643496
164.81377845643496
164.81377845643496
164.81377845643496
164.81377845643496
164.81377845643496
164.81377845643496
164.81377845643496
164.81377845643496
164.81377845643496
164.81377845643496
233.08188075904496
0.0
0.0
0.0
0.0
0.0
0.0
0.0
0.0
0.0
0.0
0.0
0.0
0.0
0.0
233.08188075904496
233.08188075904496
233.08188075904496
233.08188075904496
233.08188075904496
233.08188075904496
233.08188075904496
233.08188075904496
246.94165062806206
246.94165062806206
246.94165062806206
246.94165062806206
246.94165062806206
246.94165062806206
195.99771799087463
184.9972113558172
184.9972113558172
184.9972113558172
184.9972113558172
184.9972113558172
184.9972113558172
184.9972113558172
184.9972113558172
184.9972113558172
184.9972113558172
184.9972113558172
184.9972113558172
184.9972113558172
184.9972113558172
184.9972113558172
184.9972113558172
184.9972113558172
184.9972113558172
184.9972113558172
184.9972113558172
184.9972113558172
184.9972113558172
184.9972113558172
184.9972113558172
184.9972113558172
0.0
0.0
0.0
0.0
0.0
0.0
0.0
0.0
164.81377845643496
0.0
164.81377845643496
164.81377845643496
164.81377845643496
164.81377845643496
164.81377845643496
0.0
0.0
0.0
0.0
0.0
0.0
0.0
155.56349186104046
155.56349186104046
155.56349186104046
155.56349186104046
155.56349186104046
0.0
164.81377845643496
164.81377845643496
164.81377845643496
164.81377845643496
164.81377845643496
164.81377845643496
164.81377845643496
164.81377845643496
184.9972113558172
184.9972113558172
87.30705785825097
246.94165062806206
246.94165062806206
246.94165062806206
246.94165062806206
0.0
0.0
123.47082531403103
174.61411571650194
174.61411571650194
174.61411571650194
174.61411571650194
174.61411571650194
174.61411571650194
174.61411571650194
174.61411571650194
174.61411571650194
174.61411571650194
174.61411571650194
174.61411571650194
174.61411571650194
0.0
233.08188075904496
233.08188075904496
587.3295358348151
0.0
0.0
0.0
0.0
0.0
0.0
123.47082531403103
246.94165062806206
123.47082531403103
123.47082531403103
246.94165062806206
246.94165062806206
246.94165062806206
246.94165062806206
123.47082531403103
0.0
0.0
233.08188075904496
233.08188075904496
233.08188075904496
233.08188075904496
233.08188075904496
233.08188075904496
233.08188075904496
233.08188075904496
233.08188075904496
207.65234878997256
207.65234878997256
207.65234878997256
207.65234878997256
207.65234878997256
0.0
0.0
0.0
195.99771799087463
195.99771799087463
195.99771799087463
195.99771799087463
195.99771799087463
195.99771799087463
195.99771799087463
195.99771799087463
92.4986056779086
0.0
0.0
138.59131548843604
138.59131548843604
0.0
0.0
523.2511306011972
523.2511306011972
523.2511306011972
523.2511306011972
174.61411571650194
195.99771799087463
138.59131548843604
277.1826309768721
277.1826309768721
277.1826309768721
277.1826309768721
277.1826309768721
277.1826309768721
277.1826309768721
0.0
0.0
0.0
0.0
0.0
0.0
0.0
0.0
0.0
0.0
0.0
0.0
0.0
493.8833012561241
116.54094037952248
123.47082531403103
123.47082531403103
123.47082531403103
123.47082531403103
123.47082531403103
246.94165062806206
246.94165062806206
246.94165062806206
246.94165062806206
246.94165062806206
0.0
0.0
0.0
0.0
0.0
246.94165062806206
0.0
0.0
0.0
123.47082531403103
123.47082531403103
123.47082531403103
123.47082531403103
123.47082531403103
123.47082531403103
246.94165062806206
246.94165062806206
246.94165062806206
246.94165062806206
246.94165062806206
246.94165062806206
220.0
220.0
0.0
0.0
0.0
123.47082531403103
0.0
0.0
0.0
0.0
0.0
0.0
0.0
0.0
311.1269837220809
311.1269837220809
311.1269837220809
311.1269837220809
311.1269837220809
311.1269837220809
311.1269837220809
311.1269837220809
311.1269837220809
0.0
0.0
0.0
0.0
0.0
0.0
0.0
246.94165062806206
246.94165062806206
246.94165062806206
523.2511306011972
493.8833012561241
277.1826309768721
277.1826309768721
277.1826309768721
277.1826309768721
277.1826309768721
277.1826309768721
277.1826309768721
277.1826309768721
277.1826309768721
277.1826309768721
277.1826309768721
277.1826309768721
277.1826309768721
92.4986056779086
92.4986056779086
92.4986056779086
92.4986056779086
92.4986056779086
92.4986056779086
92.4986056779086
92.4986056779086
92.4986056779086
92.4986056779086
277.1826309768721
277.1826309768721
277.1826309768721
0.0
0.0
0.0
0.0
0.0
0.0
0.0
0.0
246.94165062806206
246.94165062806206
246.94165062806206
246.94165062806206
246.94165062806206
246.94165062806206
246.94165062806206
246.94165062806206
246.94165062806206
246.94165062806206
246.94165062806206
246.94165062806206
246.94165062806206
246.94165062806206
246.94165062806206
246.94165062806206
0.0
0.0
0.0
0.0
0.0
0.0
0.0
0.0
0.0
0.0
0.0
0.0
164.81377845643496
164.81377845643496
0.0
0.0
0.0
0.0
0.0
0.0
0.0
164.81377845643496
164.81377845643496
164.81377845643496
164.81377845643496
164.81377845643496
0.0
0.0
0.0
0.0
0.0
0.0
0.0
0.0
0.0
0.0
0.0
0.0
0.0
0.0
0.0
0.0
0.0
0.0
0.0
0.0
0.0
277.1826309768721
277.1826309768721
277.1826309768721
277.1826309768721
277.1826309768721
277.1826309768721
277.1826309768721
277.1826309768721
277.1826309768721
277.1826309768721
277.1826309768721
277.1826309768721
277.1826309768721
277.1826309768721
277.1826309768721
277.1826309768721
277.1826309768721
92.4986056779086
92.4986056779086
92.4986056779086
92.4986056779086
92.4986056779086
0.0
0.0
0.0
0.0
0.0
311.1269837220809
311.1269837220809
311.1269837220809
311.1269837220809
311.1269837220809
311.1269837220809
311.1269837220809
311.1269837220809
311.1269837220809
311.1269837220809
311.1269837220809
311.1269837220809
311.1269837220809
311.1269837220809
311.1269837220809
311.1269837220809
311.1269837220809
311.1269837220809
311.1269837220809
311.1269837220809
311.1269837220809
0.0
0.0
0.0
0.0
0.0
0.0
0.0
0.0
0.0
0.0
0.0
0.0
0.0
0.0
0.0
0.0
0.0
246.94165062806206
246.94165062806206
246.94165062806206
246.94165062806206
246.94165062806206
123.47082531403103
123.47082531403103
123.47082531403103
123.47082531403103
246.94165062806206
246.94165062806206
246.94165062806206
246.94165062806206
246.94165062806206
246.94165062806206
246.94165062806206
246.94165062806206
246.94165062806206
0.0
0.0
0.0
0.0
0.0
0.0
0.0
0.0
0.0
0.0
0.0
0.0
0.0
0.0
0.0
0.0
0.0
164.81377845643496
0.0
0.0
0.0
0.0
0.0
164.81377845643496
164.81377845643496
164.81377845643496
164.81377845643496
0.0
0.0
0.0
0.0
0.0
0.0
0.0
164.81377845643496
0.0
0.0
164.81377845643496
0.0
329.6275569128699
329.6275569128699
329.6275569128699
329.6275569128699
329.6275569128699
329.6275569128699
329.6275569128699
246.94165062806206
246.94165062806206
246.94165062806206
277.1826309768721
277.1826309768721
277.1826309768721
277.1826309768721
277.1826309768721
277.1826309768721
277.1826309768721
277.1826309768721
277.1826309768721
92.4986056779086
92.4986056779086
92.4986056779086
92.4986056779086
0.0
0.0
277.1826309768721
0.0
0.0
0.0
311.1269837220809
311.1269837220809
311.1269837220809
311.1269837220809
311.1269837220809
0.0
311.1269837220809
311.1269837220809
311.1269837220809
311.1269837220809
311.1269837220809
311.1269837220809
311.1269837220809
311.1269837220809
311.1269837220809
311.1269837220809
311.1269837220809
277.1826309768721
277.1826309768721
184.9972113558172
184.9972113558172
184.9972113558172
184.9972113558172
0.0
0.0
246.94165062806206
246.94165062806206
246.94165062806206
246.94165062806206
246.94165062806206
246.94165062806206
246.94165062806206
246.94165062806206
246.94165062806206
246.94165062806206
246.94165062806206
246.94165062806206
246.94165062806206
246.94165062806206
246.94165062806206
246.94165062806206
246.94165062806206
293.6647679174076
277.1826309768721
293.6647679174076
277.1826309768721
293.6647679174076
293.6647679174076
293.6647679174076
87.30705785825097
293.6647679174076
155.56349186104046
155.56349186104046
155.56349186104046
155.56349186104046
0.0
0.0
146.8323839587038
146.8323839587038
146.8323839587038
146.8323839587038
146.8323839587038
277.1826309768721
277.1826309768721
277.1826309768721
277.1826309768721
277.1826309768721
277.1826309768721
277.1826309768721
277.1826309768721
277.1826309768721
277.1826309768721
277.1826309768721
277.1826309768721
277.1826309768721
277.1826309768721
277.1826309768721
277.1826309768721
277.1826309768721
277.1826309768721
277.1826309768721
277.1826309768721
277.1826309768721
277.1826309768721
277.1826309768721
277.1826309768721
0.0
0.0
0.0
277.1826309768721
261.6255653005986
261.6255653005986
261.6255653005986
0.0
116.54094037952248
116.54094037952248
116.54094037952248
116.54094037952248
116.54094037952248
123.47082531403103
123.47082531403103
123.47082531403103
123.47082531403103
123.47082531403103
123.47082531403103
123.47082531403103
123.47082531403103
123.47082531403103
123.47082531403103
123.47082531403103
123.47082531403103
123.47082531403103
123.47082531403103
123.47082531403103
123.47082531403103
123.47082531403103
123.47082531403103
123.47082531403103
123.47082531403103
246.94165062806206
246.94165062806206
246.94165062806206
246.94165062806206
246.94165062806206
246.94165062806206
246.94165062806206
246.94165062806206
246.94165062806206
246.94165062806206
246.94165062806206
246.94165062806206
246.94165062806206
246.94165062806206
246.94165062806206
246.94165062806206
246.94165062806206
246.94165062806206
246.94165062806206
246.94165062806206
246.94165062806206
246.94165062806206
246.94165062806206
246.94165062806206
246.94165062806206
246.94165062806206
246.94165062806206
246.94165062806206
246.94165062806206
246.94165062806206
246.94165062806206
246.94165062806206
0.0
0.0
0.0
246.94165062806206
246.94165062806206
246.94165062806206
246.94165062806206
246.94165062806206
246.94165062806206
246.94165062806206
246.94165062806206
246.94165062806206
246.94165062806206
246.94165062806206
246.94165062806206
246.94165062806206
246.94165062806206
246.94165062806206
246.94165062806206
246.94165062806206
246.94165062806206
246.94165062806206
246.94165062806206
246.94165062806206
246.94165062806206
246.94165062806206
246.94165062806206
246.94165062806206
246.94165062806206
246.94165062806206
246.94165062806206
246.94165062806206
246.94165062806206
246.94165062806206
0.0
246.94165062806206
0.0
0.0
0.0
0.0
0.0
0.0
0.0
0.0
0.0
0.0
0.0
0.0
0.0
0.0
0.0
0.0
0.0
0.0
0.0
0.0
0.0
0.0
0.0
0.0
0.0
0.0
0.0
0.0
0.0
0.0
0.0
0.0
0.0
0.0
0.0
0.0
0.0
0.0
0.0
0.0
0.0
0.0
0.0
0.0
0.0
0.0
0.0
0.0
0.0
0.0
0.0
0.0
0.0
0.0
0.0
0.0
0.0
0.0
0.0
0.0
0.0
0.0
0.0
0.0
0.0
0.0
0.0
0.0
0.0
0.0
0.0
0.0
0.0
0.0
0.0
0.0
0.0
0.0
0.0
0.0
0.0
0.0
0.0
0.0
0.0
0.0
0.0
0.0
0.0
0.0
0.0
0.0
0.0
0.0
0.0
0.0
0.0
0.0
0.0
0.0
0.0
0.0
0.0
0.0
0.0
0.0
0.0
0.0
0.0
0.0
0.0
0.0
0.0
0.0
0.0
0.0
0.0
0.0
0.0
0.0
0.0
0.0
0.0
0.0
0.0
0.0
0.0
0.0
0.0
0.0
0.0
0.0
0.0
0.0
0.0
0.0
0.0
0.0
0.0
0.0
0.0
0.0
0.0
0.0
0.0
0.0
0.0
0.0
0.0
0.0
0.0
0.0
0.0
0.0
0.0
0.0
0.0
0.0
0.0
0.0
0.0
0.0
0.0
0.0
0.0
0.0
0.0
0.0
0.0
0.0
0.0
0.0
0.0
0.0
0.0
0.0
0.0
0.0
0.0
0.0
0.0
0.0
0.0
0.0
0.0
0.0
0.0
0.0
0.0
0.0